<?xml version="1.0" encoding="utf-8"?>
<opencv_storage>
   <version>"2.1.1"</version>
   <stand_mapped_date>"16-Dec-2015 17:13:20"</stand_mapped_date>
   <data_acquired_date>"15-Jun-2016 13:55:16"</data_acquired_date>
   <calibration_date>"15-Jun-2016 13:55:25"</calibration_date>
   <camera_sn>"NA"</camera_sn>
   <navchip_sn>"263172 "</navchip_sn>
   <model>1</model>
   <width>1280</width>
   <height>1024</height>
   <fc>804.89804317119831 806.25511004337591</fc>
   <fc_error>0.16377078730552386 0.16260322348765383</fc_error>
   <cc>602.3930486250797 469.82355641685018</cc>
   <cc_error>0.075698018785421622 0.068868716689659507</cc_error>
   <kc>-0.1391744233541907 -0.012657137088204314 0.0019063688391650242 0.0028438949592739541</kc>
   <kc_error>0.00088657952037194917 0.0030868375935775311 0.0040792966413023216 0.0017901016851383563</kc_error>
   <alpha_c>0</alpha_c>
   <alpha_c_error>0</alpha_c_error>
   <err_std>0.18791411174890174 0.19800530298590643</err_std>
   <err_norm_max>0.49967571372486153</err_norm_max>
   <err_norm_mean>0.24723118483897782</err_norm_mean>
   <cam_trans_range>215.74169114749688 228.85217862775764 101.25940210972004</cam_trans_range>
   <cam_trans_std>49.058662967646548 37.895109103558745 29.16918811277613</cam_trans_std>
   <theta_max_data>1.11962957038844</theta_max_data>
   <theta_max>1.22173047639603</theta_max>
   <theta_edge>0 5 10 15 20 25 30 35 40 45 50 55 60 65 70 75 80 85</theta_edge>
   <theta_n>411 1109 1854 2327 2699 2683 2410 1454 858 399 236 41 15 0 0 0 0 0</theta_n>
   <lut_undistort_max>0.918671459176736</lut_undistort_max>
   <lut_undistort type_id="opencv-matrix">
      <rows>100</rows>
      <cols>5</cols>
      <dt>f</dt>
      <data>0 0.28177980160864213 0.3432729914737902 0.47250775696897723 0.99999999999997846 0.00075434018237894771 0.28299991203044506 0.34391066239867979 0.47302612721374732 1.0003566270408226 0.0030109211744459245 0.28595334438901071 0.34582649949728561 0.47458257498113432 1.0014258033075107 0.0067505586998603036 0.29041201898848595 0.34903458512917257 0.47718110356823795 1.0032054214138721 0.011941721747176209 0.29643735086827688 0.35355731355122916 0.48082837266992756 1.0056919927966732 0.018541178932517857 0.30409632423615118 0.35942629036854568 0.48553367743807185 1.0088806826825232 0.026494868910052038 0.3134769436256975 0.36668235405292582 0.49130892048569202 1.0127653577683604 0.03573896285402485 0.32468574179990467 0.37537578499563962 0.4981685756350242 1.0173386454194659 0.046201081248849432 0.33785078119372303 0.38556648704923274 0.50612964377631942 1.0225920029516162 0.057801623539592159 0.35312170040200819 0.39732424386713233 0.51521160080937578 1.0285157953902164 0.070455167689448275 0.37067241255823746 0.41072896692952732 0.52543633778779408 1.0350993799980597 0.08407189727821375 0.39070192937396819 0.42587100494759472 0.53682809337900406 1.0423311958258912 0.098559016233235389 0.41343724648625269 0.44285144091616829 0.54941337879130592 1.0501988565704232 0.11382211528443451 0.43913474530659524 0.4617824418478288 0.56322089534898623 1.0586892451028234 0.12976645938536244 0.46808336982518162 0.48278758830799673 0.57828144493713918 1.0677886081601535 0.14629817122550701 0.50060653935104071 0.50600224647100378 0.59462783355614546 1.0774826498455026 0.16332529216896211 0.53706564438401716 0.53157391074488514 0.61229476827307139 1.0877566227659163 0.18075870812513922 0.57786240901069152 0.55966257706029954 0.63131874787173692 1.0985954158204885 0.1985129336830592 0.62344270473770269 0.59044107573245197 0.6517379475380658 1.1099836378460608 0.21650675308859232 0.67429928112508186 0.62409542204750557 0.6735920979405664 1.1219056965047034 0.23466372115547277 0.73097586257140501 0.6608251135955967 0.69692235907467026 1.1343458719738093 0.25291253088901045 0.79407014916812857 0.70084343189924347 0.72177118928159167 1.1472883851471158 0.2711872574418483 0.86423810846662819 0.7443776764296427 0.74818220984457939 1.1607174601974346 0.28942749004071194 0.94219712774531428 0.79166938878338811 0.77620006559692833 1.1746173814608396 0.30757836478705691 1.0287303620184696 0.84297449493565868 0.80587028198531074 1.1889725447060291 0.32559051183383581 1.1246898815397703 0.89856342259680699 0.83723911904329718 1.2037675029237569 0.34341993048066521 1.2310009043407526 0.95872112283255906 0.87035342275004324 1.2189870068398092 0.36102780532069867 1.3486647149578805 1.0237470523958465 0.90526047425366907 1.2346160403943431 0.37838027582204753 1.4787625951426668 1.0939550464415708 0.94200783745449024 1.2506398514703401 0.39544817073418354 1.6224582390133437 1.1696731401552896 0.98064320546365302 1.2670439781689882 0.41220671756338817 1.7810011394399543 1.2512432672787996 1.0212142464473728 1.2838142709489746 0.42863523613558041 1.9557282299064294 1.3390208981526142 1.063768449396258 1.3009369109444922 0.4447168240205927 2.1480664187425278 1.4333745443826686 1.1083529703572907 1.3183984247819729 0.46043804037635261 2.3595331815116998 1.5346851951347744 1.1550144796789643 1.3361856962025402 0.47578859361950276 2.5917379289977847 1.6433456143354734 1.2037990108279357 1.3542859747933496 0.49076103726473252 2.8463812546049612 1.7597595646025024 1.2547518113382954 1.372686882112111 0.50535047731343352 3.1252548372267062 1.884340890620404 1.3079171964610599 1.3913764154799839 0.51955429372056172 3.4302390617500897 2.0175125284182802 1.3633384060726719 1.4103429496966144 0.53337187772834549 3.7633011995292711 2.1597053776114667 1.4210574654081802 1.4295752369193366 0.54680438622380811 4.1264911500783903 2.3113571036467753 1.481115050171077 1.4490624049268503 0.55985451374797124 4.5219376888122804 2.4729108108457707 1.543550356564994 1.4687939539751094 0.57252628234999092 4.9518421836692603 2.6448136549273116 1.608400976764075 1.4887597524323184 0.58482484913009025 5.4184727521760108 2.8275153402522593 1.6757027803541362 1.5089500313676987 0.59675633104117154 5.924155901173128 3.0214665691103666 1.7454898022043319 1.5293553782496785 0.60832764631064529 6.4712685672402728 3.227117396012726 1.8177941372526329 1.5499667298976016 0.61954637169182969 7.0622277243910956 3.4449155507685609 1.8926458426169781 1.5707753648143605 0.63042061464941013 7.6994804212174834 3.6753046910450373 1.9700728474381861 1.591772895016869 0.64095889951782614 8.3854915014118205 3.9187226451170507 2.0501008708049429 1.6129512574668965 0.65117006663782062 9.1227319331523677 4.1755996104082245 2.1327533480793956 1.634302705195622 0.66106318346832649 9.9136648994474257 4.4463563688884218 2.2180513658901573 1.6558197982029359 0.67064746668288477 10.760732824342288 4.7314024851586893 2.306013606022316 1.6774953942048183 0.67993221428709971 11.66634230112132 5.0311345500896891 2.3966562983713211 1.6993226392916567 0.68892674683226529 12.632850240344824 5.3459344366285197 2.4899931830957627 1.7212949585540187 0.69764035684691861 13.662548270806564 5.676167627732629 2.586035482026336 1.7434060467236676 0.70608226565995391 14.757648567280492 6.0221815876489941 2.6847918793660313 1.7656498588723784 0.7142615868438571 15.920268353303285 6.3843042303233775 2.7862685116346477 1.7880206012040156 0.7221872955628641 17.152416132172423 6.7628424594372882 2.8904689667834433 1.8105127219710468 0.72986820316700873 18.455976895134658 7.158080829882115 2.9973942923335182 1.8331209025409498 0.7373129364280866 19.832699470349262 7.5702803050487972 3.1070430123559651 1.8558400486345272 0.74452992086674363 21.284183182262346 7.999677155333818 3.2194111530587564 1.8786652817535781 0.75152736767063333 22.811866895177449 8.4464819740272219 3.3344922766949998 1.9015919308126596 0.75831326375153274 24.417017796452612 8.9108788485026889 3.4522775234754359 1.9246155239860716 0.7648953645342097 26.100722785141595 9.3930246643820254 3.5727556611134141 1.9477317807790824 0.77128118911158994 27.863879802698438 9.893048575512104 3.6959131416098452 1.9709366043295771 0.77747801743938172 29.707192194222017 10.411051614604633 3.8217341648382392 1.9942260739447784 